#image: new_map_imported_modified.pgm
image: laas_adream.pgm
resolution: 0.050000
#origin: [0.0, 0.000000, 0.000000]
origin: [-2.000000, -8.000000, 0.000000]
negate: 0
occupied_thresh: 0.65
free_thresh: 0.196
